41144199
41296551
41060086
40537464
40656160
40018988
39868316
39695163
38809064
38798642
38529759
38702267
38813571
38405792
38405857
38416794
37953350
38147547
37917792
37577700
37398184
37293002
36656904
36710962
36433985
35811680
35536609
34718728
34969401
34764149
34200631
33906963
33508020
31452162
33520737
32970404
32828659
32167464
32047873
31536608
31513692
31231045
31045574
31015741
29761457
29442617
29106667
29292212
29202752
29162714
28938907
28720171
28555190
28529974
27903906
28095366
27590312
27587810
27519257
27463397
27207101
27190205
26738725
26450337
26093035
25670772
25453034
25185001
24957599
24936976
24919110
23895416
23548716
23402753
23349994
23227308
23175615
23161692
23148687
22500021
22363751
22217600
22064857
21909766
21994806
21764378
21705364
21525225
21539870
21504890
20974635
20374649
20022075
19914931
19843604
19422698
19351398
18957442
18842636
18824479
18820254
18831955
18405380
18306179
17703558
18003657
17624328
17568698
17212834
17114255
17098930
17029963
16979781
16844709
16635586
16381904
16381902
15535864
15246316
15138065
15003488
15003492
15250468
14973196
14681426
14681430
12618375
12532022
12519989
12519984
12426601
12368860
12197128
12180915
11839180
11752262
11504890
11498294
11295190
11230543
11155932
10806252
10637586
10645546
10458993
9569349
9576499
9191065
9190067
21237968
8876233
8865662
7875592
2554802
